     pcost       dcost       gap    pres   dres   k/t
 0: -2.7278e-01 -2.7278e-01  3e+02  2e+01  6e+01  1e+00
 1:  9.4656e-01  1.1671e+00  6e+01  6e+00  1e+01  5e-01
 2:  7.5540e-01  7.8111e-01  1e+01  1e+00  3e+00  8e-02
 3:  1.6156e-01  1.7521e-01  1e+00  2e-01  6e-01  2e-02
 4:  3.1450e-02  3.4432e-02  3e-01  6e-02  1e-01  5e-03
 5:  1.1206e-02  1.2078e-02  8e-02  2e-02  4e-02  2e-03
 6:  2.9029e-03  3.0853e-03  2e-02  3e-03  9e-03  3e-04
 7:  1.1276e-03  1.1494e-03  7e-03  1e-03  3e-03  7e-05
 8:  9.5814e-05  9.7679e-05  5e-04  8e-05  2e-04  5e-06
 9:  1.9885e-05  2.0211e-05  1e-04  2e-05  5e-05  1e-06
10:  8.2161e-07  8.3576e-07  5e-06  7e-07  2e-06  4e-08
11:  7.2052e-08  7.3209e-08  4e-07  6e-08  2e-07  4e-09
12:  1.3359e-09  1.3609e-09  8e-09  1e-09  3e-09  7e-11
Optimal solution found.
     pcost       dcost       gap    pres   dres   k/t
 0: -3.4756e-01 -3.4756e-01  3e+02  2e+01  6e+01  1e+00
 1:  8.6194e-01  1.1263e+00  7e+01  6e+00  1e+01  5e-01
 2:  8.2213e-01  8.8767e-01  1e+01  2e+00  4e+00  1e-01
 3:  2.3168e-01  2.4276e-01  2e+00  4e-01  9e-01  3e-02
 4:  3.4455e-02  3.6698e-02  3e-01  7e-02  2e-01  5e-03
 5:  1.4404e-02  1.4984e-02  1e-01  2e-02  5e-02  1e-03
 6:  3.2252e-03  3.3422e-03  2e-02  5e-03  1e-02  3e-04
 7:  7.3649e-04  7.5383e-04  5e-03  1e-03  3e-03  6e-05
 8:  5.2029e-04  5.2861e-04  3e-03  7e-04  2e-03  4e-05
 9:  1.0979e-04  1.1042e-04  8e-04  2e-04  4e-04  7e-06
10:  4.5468e-05  4.5810e-05  3e-04  6e-05  1e-04  3e-06
11:  1.7071e-05  1.7216e-05  1e-04  2e-05  5e-05  1e-06
12:  1.0707e-06  1.0791e-06  7e-06  1e-06  3e-06  6e-08
13:  1.8919e-07  1.9196e-07  1e-06  2e-07  5e-07  1e-08
14:  6.2062e-08  6.3200e-08  4e-07  6e-08  1e-07  3e-09
15:  3.7407e-09  4.2341e-09  2e-08  6e-09  9e-09  2e-10
Optimal solution found.
     pcost       dcost       gap    pres   dres   k/t
 0: -3.0636e-01 -3.0636e-01  3e+02  3e+01  6e+01  1e+00
 1:  1.0374e+00  1.3265e+00  9e+01  7e+00  2e+01  6e-01
 2:  9.7610e-01  1.0261e+00  2e+01  2e+00  4e+00  1e-01
 3:  2.0441e-01  2.1815e-01  2e+00  3e-01  7e-01  3e-02
 4:  3.2227e-02  3.5367e-02  3e-01  6e-02  1e-01  6e-03
 5:  1.4223e-02  1.5120e-02  1e-01  2e-02  5e-02  2e-03
 6:  5.5944e-03  5.8294e-03  4e-02  8e-03  2e-02  5e-04
 7:  2.2100e-03  2.2705e-03  1e-02  3e-03  6e-03  2e-04
 8:  3.3679e-04  3.4559e-04  2e-03  4e-04  8e-04  2e-05
 9:  2.7688e-05  2.8412e-05  1e-04  2e-05  5e-05  2e-06
10:  2.4480e-06  2.5105e-06  1e-05  2e-06  5e-06  1e-07
11:  1.1039e-07  1.1312e-07  5e-07  9e-08  2e-07  6e-09
12:  5.4936e-09  5.6200e-09  3e-08  5e-09  1e-08  3e-10
Optimal solution found.
     pcost       dcost       gap    pres   dres   k/t
 0: -3.1520e-01 -3.1520e-01  3e+02  2e+01  6e+01  1e+00
 1:  8.8058e-01  1.0985e+00  6e+01  5e+00  1e+01  5e-01
 2:  7.7188e-01  8.1242e-01  1e+01  1e+00  3e+00  9e-02
 3:  3.4982e-01  3.6430e-01  2e+00  4e-01  9e-01  3e-02
 4:  1.7977e-01  1.8531e-01  1e+00  2e-01  4e-01  1e-02
 5:  4.8234e-02  4.9589e-02  2e-01  3e-02  8e-02  3e-03
 6:  3.6644e-02  3.7610e-02  2e-01  2e-02  5e-02  2e-03
 7:  2.9657e-02  3.0565e-02  1e-01  7e-03  2e-02  1e-03
 8:  2.2399e-01  2.3156e-01  1e+00  1e-02  3e-02  8e-03
 9:  2.1229e+00  2.1887e+00  1e+01  1e-02  3e-02  7e-02
10:  2.4103e+01  2.4690e+01  9e+01  1e-02  3e-02  6e-01
11:  1.6841e+03  1.7223e+03  6e+03  1e-02  3e-02  4e+01
12:  6.4044e+04  6.8512e+04  2e+05  2e-03  5e-03  1e+03
13:  5.9413e+06  6.0938e+06  2e+07  4e-03  6e-03  1e+05
14:  5.6616e+08  5.7900e+08  2e+09  3e-02  3e-03  1e+07
Certificate of primal infeasibility found.
     pcost       dcost       gap    pres   dres   k/t
 0: -3.0552e-01 -3.0552e-01  3e+02  3e+01  6e+01  1e+00
 1:  1.0277e+00  1.3496e+00  9e+01  8e+00  2e+01  6e-01
 2:  1.1137e+00  1.2004e+00  2e+01  2e+00  4e+00  2e-01
 3:  3.8416e-01  3.9691e-01  3e+00  5e-01  1e+00  3e-02
 4:  4.0355e-02  4.2947e-02  3e-01  8e-02  2e-01  6e-03
 5:  2.1173e-02  2.2295e-02  1e-01  3e-02  8e-02  2e-03
 6:  8.3634e-03  8.5683e-03  5e-02  1e-02  2e-02  6e-04
 7:  1.3763e-03  1.4038e-03  8e-03  2e-03  4e-03  1e-04
 8:  4.9848e-04  5.0514e-04  3e-03  5e-04  1e-03  3e-05
 9:  1.8425e-04  1.8654e-04  1e-03  2e-04  4e-04  1e-05
10:  2.5684e-05  2.5911e-05  1e-04  3e-05  6e-05  1e-06
11:  6.2377e-06  6.3216e-06  3e-05  5e-06  1e-05  3e-07
12:  2.7013e-06  2.7536e-06  1e-05  2e-06  4e-06  1e-07
13:  1.3586e-05  1.3992e-05  1e-04  3e-06  7e-06  5e-07
14:  8.1853e-05  8.4541e-05  3e-04  1e-06  3e-06  3e-06
15:  9.2676e-04  1.0804e-03  3e-03  6e-07  1e-06  3e-05
16:  1.7249e-02  1.7888e-02  5e-02  6e-07  1e-06  5e-04
17:  3.1128e-01  3.1950e-01  8e-01  6e-07  1e-06  8e-03
18:  6.7116e+00  6.8627e+00  2e+01  6e-07  1e-06  2e-01
19:  2.1648e+02  2.2063e+02  4e+02  6e-07  6e-06  4e+00
20:  1.8922e+04  1.9282e+04  4e+04  2e-06  4e-04  4e+02
21:  1.7724e+06  1.8060e+06  3e+06  6e-05  5e-02  3e+04
22:  1.7553e+08  1.7885e+08  3e+08  4e-03  2e+00  3e+06
Certificate of primal infeasibility found.
     pcost       dcost       gap    pres   dres   k/t
 0: -2.9904e-01 -2.9904e-01  3e+02  3e+01  6e+01  1e+00
 1:  1.0763e+00  1.3692e+00  9e+01  7e+00  2e+01  6e-01
 2:  1.0450e+00  1.1001e+00  2e+01  2e+00  4e+00  1e-01
 3:  2.4888e-01  2.6372e-01  2e+00  3e-01  7e-01  3e-02
 4:  2.1413e-02  2.3680e-02  2e-01  5e-02  1e-01  4e-03
 5:  1.9263e-02  2.0446e-02  1e-01  3e-02  7e-02  2e-03
 6:  4.3344e-03  4.5745e-03  3e-02  6e-03  1e-02  5e-04
 7:  2.3681e-03  2.4653e-03  2e-02  3e-03  8e-03  2e-04
 8:  1.9115e-03  1.9682e-03  1e-02  2e-03  5e-03  1e-04
 9:  4.7783e-04  4.9105e-04  3e-03  6e-04  1e-03  4e-05
10:  3.1809e-04  3.2484e-04  2e-03  4e-04  8e-04  2e-05
11:  4.8319e-05  4.9380e-05  3e-04  5e-05  1e-04  3e-06
12:  1.9068e-05  1.9453e-05  1e-04  2e-05  4e-05  1e-06
13:  1.0476e-05  1.0714e-05  6e-05  9e-06  2e-05  6e-07
14:  1.5577e-05  1.6004e-05  1e-04  9e-06  2e-05  8e-07
15:  3.3815e-05  3.4971e-05  1e-04  5e-06  1e-05  1e-06
16:  1.8871e-04  2.4607e-04  9e-04  4e-06  1e-05  7e-06
17:  3.6744e-04  1.1473e-03  1e-03  6e-07  1e-06  1e-05
18:  1.3601e-04  1.3867e-03  4e-04  1e-07  3e-07  4e-06
19:  8.6676e-04  2.6620e-03  3e-03  4e-07  1e-06  3e-05
20:  7.5696e-03  1.6971e-02  2e-02  4e-07  7e-07  2e-04
21:  2.8232e-02  3.5005e-02  7e-02  3e-07  5e-07  7e-04
22:  5.9481e-01  6.1522e-01  1e+00  3e-07  4e-07  1e-02
23:  8.9135e+00  9.1035e+00  2e+01  3e-07  4e-07  2e-01
24:  3.5412e+02  3.6044e+02  6e+02  3e-07  1e-06  6e+00
25:  3.5512e+04  3.6140e+04  6e+04  5e-07  2e-04  6e+02
26:  3.4490e+06  3.5100e+06  6e+06  8e-05  7e-03  6e+04
27:  2.8411e+08  2.8919e+08  5e+08  3e-02  6e-01  5e+06
Certificate of primal infeasibility found.
     pcost       dcost       gap    pres   dres   k/t
 0: -3.1965e-01 -3.1965e-01  3e+02  2e+01  6e+01  1e+00
 1:  9.1152e-01  1.1595e+00  7e+01  6e+00  2e+01  5e-01
 2:  8.1834e-01  8.6117e-01  1e+01  2e+00  4e+00  1e-01
 3:  3.2437e-01  3.3989e-01  3e+00  4e-01  1e+00  3e-02
 4:  1.6973e-01  1.7727e-01  1e+00  2e-01  4e-01  1e-02
 5:  4.0936e-02  4.2508e-02  2e-01  4e-02  9e-02  3e-03
 6:  1.7638e-02  1.8180e-02  1e-01  2e-02  4e-02  1e-03
 7:  9.3139e-03  9.5344e-03  4e-02  6e-03  2e-02  5e-04
 8:  2.9361e-03  3.0161e-03  1e-02  1e-03  3e-03  1e-04
 9:  9.7882e-03  1.0091e-02  6e-02  2e-03  5e-03  4e-04
10:  4.0002e-02  4.1275e-02  2e-01  1e-03  3e-03  1e-03
11:  3.7958e-01  3.9092e-01  1e+00  1e-03  3e-03  1e-02
12:  5.7088e+00  5.8627e+00  2e+01  1e-03  3e-03  2e-01
13:  1.4531e+02  1.5312e+02  4e+02  9e-04  2e-03  3e+00
14:  3.4065e+03  3.8349e+03  8e+03  3e-05  1e-06  7e+01
15:  1.9056e+05  1.9496e+05  4e+05  3e-05  5e-06  4e+03
16:  1.8266e+07  1.8653e+07  4e+07  7e-04  3e-04  4e+05
Certificate of primal infeasibility found.
     pcost       dcost       gap    pres   dres   k/t
 0: -2.4422e-01 -2.4422e-01  3e+02  2e+01  6e+01  1e+00
 1:  1.0900e+00  1.3527e+00  7e+01  6e+00  2e+01  5e-01
 2:  1.2024e+00  1.2815e+00  2e+01  1e+00  4e+00  1e-01
 3:  1.6742e-01  1.7418e-01  8e-01  2e-01  4e-01  1e-02
 4:  1.1472e-01  1.1918e-01  6e-01  1e-01  3e-01  9e-03
 5:  1.8481e-02  1.8929e-02  1e-01  2e-02  5e-02  1e-03
 6:  3.8515e-03  3.9543e-03  2e-02  3e-03  8e-03  2e-04
 7:  5.2129e-04  5.3498e-04  2e-03  4e-04  1e-03  3e-05
 8:  1.1713e-05  1.2012e-05  6e-05  1e-05  2e-05  7e-07
 9:  3.6617e-07  3.7529e-07  2e-06  3e-07  8e-07  2e-08
10:  2.7683e-08  2.8355e-08  1e-07  3e-08  7e-08  2e-09
11:  3.2761e-09  3.3536e-09  2e-08  3e-09  8e-09  2e-10
Optimal solution found.
     pcost       dcost       gap    pres   dres   k/t
 0: -3.6731e-01 -3.6731e-01  3e+02  2e+01  6e+01  1e+00
 1:  5.8278e-01  7.4382e-01  4e+01  4e+00  1e+01  3e-01
 2:  5.3755e-01  5.7985e-01  7e+00  9e-01  2e+00  8e-02
 3:  1.9948e-01  2.0764e-01  1e+00  2e-01  5e-01  2e-02
 4:  8.2402e-02  8.5684e-02  6e-01  8e-02  2e-01  7e-03
 5:  2.4513e-02  2.5237e-02  2e-01  2e-02  6e-02  2e-03
 6:  6.7524e-03  6.9570e-03  4e-02  5e-03  1e-02  4e-04
 7:  4.3686e-03  4.4900e-03  3e-02  3e-03  8e-03  3e-04
 8:  1.5537e-03  1.6041e-03  7e-03  6e-04  2e-03  8e-05
 9:  3.3180e-03  3.4374e-03  2e-02  8e-04  2e-03  2e-04
10:  1.7412e-02  1.8057e-02  6e-02  5e-04  1e-03  7e-04
11:  1.4842e-01  1.5334e-01  5e-01  5e-04  1e-03  5e-03
12:  1.9471e+00  2.0507e+00  6e+00  4e-04  1e-03  6e-02
13:  5.8783e+00  1.2628e+01  1e+01  7e-05  2e-04  2e-01
14:  1.0840e+00  1.5257e+01  2e+00  8e-06  2e-05  3e-02
15:  9.0231e+00  3.3035e+01  2e+01  3e-05  7e-05  2e-01
16:  8.9735e-02  2.8044e+01  4e+00  9e-06  1e-05  4e-02
17:  5.9398e-01  3.0432e+01  4e+00  9e-06  2e-05  5e-02
18:  5.3970e+00  5.0861e+01  1e+01  1e-05  3e-05  2e-01
19:  6.3158e+01  1.5457e+02  1e+02  3e-05  8e-05  1e+00
20:  2.4900e+02  2.8469e+02  3e+02  1e-05  3e-05  5e+00
21:  1.9633e+04  2.0078e+04  3e+04  1e-05  2e-05  4e+02
22:  1.9515e+06  1.9911e+06  3e+06  2e-05  7e-05  4e+04
23:  1.9328e+08  1.9720e+08  3e+08  3e-03  5e-03  4e+06
Certificate of primal infeasibility found.
     pcost       dcost       gap    pres   dres   k/t
 0: -3.2015e-01 -3.2015e-01  3e+02  2e+01  6e+01  1e+00
 1:  6.8666e-01  8.5344e-01  4e+01  4e+00  1e+01  4e-01
 2:  6.1049e-01  6.6699e-01  9e+00  1e+00  3e+00  1e-01
 3:  3.8778e-01  4.0697e-01  3e+00  3e-01  9e-01  3e-02
 4:  1.1803e-01  1.2153e-01  7e-01  9e-02  2e-01  8e-03
 5:  2.7430e-02  2.8170e-02  2e-01  2e-02  6e-02  2e-03
 6:  2.2304e-02  2.2836e-02  1e-01  2e-02  4e-02  1e-03
 7:  5.3108e-03  5.3966e-03  3e-02  4e-03  1e-02  3e-04
 8:  9.0490e-04  9.1925e-04  5e-03  6e-04  2e-03  4e-05
 9:  2.3609e-04  2.4062e-04  1e-03  1e-04  3e-04  1e-05
10:  2.4433e-04  2.5024e-04  1e-03  9e-05  2e-04  1e-05
11:  1.2112e-03  1.2483e-03  7e-03  1e-04  3e-04  4e-05
12:  6.7502e-03  6.9187e-03  2e-02  7e-05  2e-04  2e-04
13:  5.4632e-02  6.1001e-02  2e-01  6e-05  2e-04  1e-03
14:  2.9919e-02  1.7386e-01  8e-02  5e-06  1e-05  7e-04
15:  1.8421e+00  1.9926e+00  2e+01  1e-04  3e-04  4e-02
16:  2.1072e+01  2.1565e+01  1e+02  1e-04  3e-04  4e-01
17:  1.4706e+03  1.4950e+03  8e+03  1e-04  3e-04  2e+01
18:  1.4722e+05  1.4964e+05  8e+05  1e-04  3e-04  2e+03
19:  1.4710e+07  1.4952e+07  8e+07  2e-04  4e-03  2e+05
Certificate of primal infeasibility found.
     pcost       dcost       gap    pres   dres   k/t
 0: -2.8767e-01 -2.8767e-01  3e+02  2e+01  6e+01  1e+00
 1:  1.0231e+00  1.3064e+00  8e+01  7e+00  2e+01  6e-01
 2:  1.0022e+00  1.0585e+00  2e+01  2e+00  4e+00  1e-01
 3:  2.9848e-01  3.1306e-01  2e+00  4e-01  9e-01  3e-02
 4:  1.6224e-01  1.7075e-01  1e+00  2e-01  4e-01  2e-02
 5:  3.1874e-02  3.2453e-02  2e-01  4e-02  9e-02  2e-03
 6:  4.9448e-03  5.0424e-03  3e-02  6e-03  1e-02  3e-04
 7:  7.2986e-04  7.4389e-04  4e-03  8e-04  2e-03  4e-05
 8:  6.4280e-05  6.5466e-05  3e-04  6e-05  2e-04  4e-06
 9:  5.7694e-06  5.8617e-06  3e-05  6e-06  1e-05  3e-07
10:  5.5035e-07  5.5914e-07  3e-06  5e-07  1e-06  3e-08
11:  5.3427e-08  5.4008e-08  3e-07  5e-08  1e-07  2e-09
12:  4.0471e-09  4.0883e-09  2e-08  4e-09  9e-09  2e-10
Optimal solution found.
     pcost       dcost       gap    pres   dres   k/t
 0: -3.1135e-01 -3.1135e-01  3e+02  2e+01  6e+01  1e+00
 1:  9.1328e-01  1.1451e+00  7e+01  6e+00  1e+01  5e-01
 2:  7.3763e-01  7.6419e-01  1e+01  1e+00  3e+00  8e-02
 3:  2.1805e-01  2.3109e-01  2e+00  3e-01  8e-01  3e-02
 4:  5.5252e-02  5.8874e-02  4e-01  8e-02  2e-01  7e-03
 5:  1.3627e-02  1.4390e-02  1e-01  2e-02  5e-02  2e-03
 6:  6.4096e-03  6.6048e-03  4e-02  7e-03  2e-02  5e-04
 7:  2.5575e-03  2.6197e-03  2e-02  3e-03  6e-03  2e-04
 8:  6.6694e-04  6.7672e-04  4e-03  7e-04  2e-03  4e-05
 9:  9.9712e-05  1.0139e-04  6e-04  9e-05  2e-04  5e-06
10:  1.3417e-05  1.3669e-05  7e-05  1e-05  2e-05  7e-07
11:  2.7803e-07  2.8327e-07  1e-06  2e-07  5e-07  1e-08
12:  1.3718e-08  1.3986e-08  7e-08  1e-08  3e-08  7e-10
Optimal solution found.
     pcost       dcost       gap    pres   dres   k/t
 0: -3.3373e-01 -3.3373e-01  3e+02  2e+01  6e+01  1e+00
 1:  7.3814e-01  9.2001e-01  5e+01  5e+00  1e+01  4e-01
 2:  5.7389e-01  6.0878e-01  7e+00  1e+00  3e+00  8e-02
 3:  2.5094e-01  2.6225e-01  2e+00  3e-01  8e-01  2e-02
 4:  8.3071e-02  8.6278e-02  5e-01  8e-02  2e-01  7e-03
 5:  2.0621e-02  2.1379e-02  1e-01  2e-02  5e-02  2e-03
 6:  1.7320e-02  1.7839e-02  1e-01  1e-02  4e-02  1e-03
 7:  4.2067e-03  4.2872e-03  2e-02  3e-03  8e-03  2e-04
 8:  1.1474e-03  1.1719e-03  6e-03  8e-04  2e-03  6e-05
 9:  5.6294e-04  5.7731e-04  2e-03  2e-04  6e-04  2e-05
10:  1.5547e-03  1.6047e-03  7e-03  2e-04  5e-04  6e-05
11:  1.2058e-02  1.2430e-02  4e-02  2e-04  5e-04  4e-04
12:  1.6959e-01  1.7499e-01  6e-01  2e-04  4e-04  5e-03
13:  1.7280e+00  2.4372e+00  5e+00  4e-05  1e-04  5e-02
14:  1.2682e+01  2.0126e+01  3e+01  4e-06  7e-08  3e-01
15:  1.1575e+02  1.2450e+02  2e+02  4e-06  6e-08  2e+00
16:  9.2759e+03  9.4564e+03  1e+04  4e-06  7e-07  2e+02
17:  9.2495e+05  9.4219e+05  1e+06  7e-06  9e-05  2e+04
18:  7.8096e+07  7.9562e+07  1e+08  6e-03  7e-03  1e+06
Certificate of primal infeasibility found.
     pcost       dcost       gap    pres   dres   k/t
 0: -2.8065e-01 -2.8065e-01  3e+02  2e+01  6e+01  1e+00
 1:  8.4107e-01  1.0322e+00  5e+01  5e+00  1e+01  4e-01
 2:  6.1776e-01  6.3292e-01  8e+00  1e+00  3e+00  6e-02
 3:  1.4535e-01  1.5505e-01  1e+00  2e-01  5e-01  2e-02
 4:  4.2093e-02  4.4984e-02  3e-01  6e-02  2e-01  5e-03
 5:  1.1435e-02  1.2072e-02  8e-02  1e-02  3e-02  1e-03
 6:  3.8041e-03  3.9830e-03  3e-02  4e-03  1e-02  4e-04
 7:  3.0535e-03  3.1667e-03  2e-02  3e-03  8e-03  3e-04
 8:  7.3096e-04  7.4854e-04  5e-03  7e-04  2e-03  5e-05
 9:  1.3105e-04  1.3411e-04  9e-04  1e-04  3e-04  9e-06
10:  1.3468e-05  1.3746e-05  8e-05  1e-05  3e-05  8e-07
11:  1.8684e-06  1.9093e-06  1e-05  1e-06  4e-06  1e-07
12:  5.2277e-08  5.3373e-08  3e-07  4e-08  1e-07  3e-09
13:  6.0323e-09  6.1580e-09  3e-08  5e-09  1e-08  3e-10
Optimal solution found.
     pcost       dcost       gap    pres   dres   k/t
 0: -3.2174e-01 -3.2174e-01  3e+02  3e+01  6e+01  1e+00
 1:  1.0512e+00  1.3602e+00  9e+01  8e+00  2e+01  6e-01
 2:  1.0827e+00  1.1596e+00  2e+01  2e+00  5e+00  2e-01
 3:  3.2537e-01  3.3901e-01  2e+00  4e-01  1e+00  3e-02
 4:  4.2346e-02  4.5231e-02  3e-01  8e-02  2e-01  6e-03
 5:  3.5778e-02  3.7709e-02  2e-01  5e-02  1e-01  4e-03
 6:  1.2393e-02  1.2973e-02  7e-02  1e-02  3e-02  1e-03
 7:  5.3694e-03  5.5540e-03  2e-02  4e-03  9e-03  3e-04
 8:  6.2798e-03  6.4731e-03  3e-02  3e-03  7e-03  3e-04
 9:  1.0980e-02  1.1377e-02  4e-02  2e-03  4e-03  5e-04
10:  7.4089e-02  7.6782e-02  3e-01  2e-03  5e-03  3e-03
11:  1.1214e+00  1.1589e+00  4e+00  2e-03  5e-03  4e-02
12:  1.0992e+01  1.1293e+01  3e+01  2e-03  4e-03  3e-01
13:  4.3810e+02  4.6152e+02  1e+03  1e-03  3e-03  1e+01
14:  1.3240e+04  1.4679e+04  3e+04  5e-05  4e-05  3e+02
15:  8.7721e+05  8.9918e+05  2e+06  1e-04  3e-05  2e+04
16:  8.6676e+07  8.8737e+07  2e+08  2e-03  1e-03  2e+06
Certificate of primal infeasibility found.
     pcost       dcost       gap    pres   dres   k/t
 0: -2.9214e-01 -2.9214e-01  3e+02  2e+01  6e+01  1e+00
 1:  9.3914e-01  1.1848e+00  7e+01  6e+00  1e+01  5e-01
 2:  8.4893e-01  8.9400e-01  1e+01  1e+00  3e+00  1e-01
 3:  2.3520e-01  2.4906e-01  2e+00  3e-01  8e-01  3e-02
 4:  1.1384e-01  1.1991e-01  8e-01  1e-01  3e-01  1e-02
 5:  2.0272e-02  2.1178e-02  1e-01  2e-02  6e-02  2e-03
 6:  6.6468e-03  6.7345e-03  3e-02  6e-03  1e-02  3e-04
 7:  8.7326e-04  8.8331e-04  4e-03  6e-04  2e-03  4e-05
 8:  7.2559e-05  7.3366e-05  3e-04  5e-05  1e-04  3e-06
 9:  2.1601e-06  2.1820e-06  1e-05  2e-06  4e-06  9e-08
10:  2.1611e-07  2.1830e-07  1e-06  2e-07  4e-07  9e-09
11:  4.5917e-08  4.6382e-08  2e-07  3e-08  9e-08  2e-09
12:  5.9009e-09  5.9638e-09  3e-08  4e-09  1e-08  2e-10
Optimal solution found.
     pcost       dcost       gap    pres   dres   k/t
 0: -3.3106e-01 -3.3106e-01  3e+02  2e+01  6e+01  1e+00
 1:  6.9185e-01  8.4199e-01  4e+01  4e+00  1e+01  3e-01
 2:  5.6702e-01  6.0569e-01  7e+00  9e-01  2e+00  8e-02
 3:  2.6945e-01  2.8149e-01  2e+00  2e-01  6e-01  2e-02
 4:  8.4036e-02  8.6892e-02  5e-01  7e-02  2e-01  6e-03
 5:  2.8766e-02  2.9695e-02  2e-01  2e-02  6e-02  2e-03
 6:  1.3070e-02  1.3389e-02  7e-02  9e-03  3e-02  7e-04
 7:  1.7942e-03  1.8355e-03  1e-02  1e-03  3e-03  1e-04
 8:  3.8397e-04  3.9368e-04  2e-03  2e-04  5e-04  2e-05
 9:  3.0465e-04  3.1303e-04  1e-03  1e-04  3e-04  1e-05
10:  6.6693e-04  6.8834e-04  2e-03  6e-05  2e-04  2e-05
11:  6.3626e-03  6.5990e-03  2e-02  7e-05  2e-04  2e-04
12:  5.0311e-02  5.5378e-02  2e-01  6e-05  2e-04  2e-03
13:  6.1565e-02  1.9264e-01  2e-01  1e-05  3e-05  2e-03
14:  1.3845e-01  2.5151e-01  3e-01  7e-06  2e-05  4e-03
15:  1.2570e-01  5.9544e-01  2e-01  1e-06  4e-08  3e-03
16:  1.3685e-02  5.6479e-01  3e-02  1e-06  5e-08  4e-04
17:  1.4511e-01  2.5187e+00  4e-01  1e-06  2e-07  4e-03
18:  6.4731e-01  5.5148e+00  2e+00  1e-06  4e-07  2e-02
19:  6.2972e-01  2.6570e+00  1e+00  1e-06  2e-07  1e-02
20:  1.2484e+00  1.5195e+00  2e+00  1e-06  2e-08  3e-02
21:  5.6584e+01  5.8486e+01  8e+01  1e-06  7e-08  1e+00
22:  4.8459e+03  4.9423e+03  7e+03  1e-06  8e-07  1e+02
23:  4.8217e+05  4.9169e+05  7e+05  3e-06  1e-04  1e+04
24:  4.7969e+07  4.8915e+07  7e+07  3e-04  1e-02  9e+05
Certificate of primal infeasibility found.
     pcost       dcost       gap    pres   dres   k/t
 0: -3.3044e-01 -3.3044e-01  3e+02  2e+01  6e+01  1e+00
 1:  7.2567e-01  8.8258e-01  5e+01  5e+00  1e+01  4e-01
 2:  5.9788e-01  6.3268e-01  7e+00  8e-01  2e+00  7e-02
 3:  1.8647e-01  1.9312e-01  1e+00  2e-01  5e-01  1e-02
 4:  7.7916e-02  8.0673e-02  5e-01  7e-02  2e-01  6e-03
 5:  2.2295e-02  2.2732e-02  2e-01  2e-02  6e-02  1e-03
 6:  6.0739e-03  6.2218e-03  4e-02  6e-03  2e-02  4e-04
 7:  4.9838e-03  5.1000e-03  3e-02  4e-03  1e-02  3e-04
 8:  1.8858e-03  1.9359e-03  1e-02  1e-03  3e-03  1e-04
 9:  2.8726e-03  2.9636e-03  1e-02  8e-04  2e-03  1e-04
10:  2.2542e-02  2.3275e-02  1e-01  7e-04  2e-03  8e-04
11:  1.6258e-01  1.6686e-01  6e-01  6e-04  2e-03  4e-03
12:  1.9191e+00  1.9759e+00  6e+00  6e-04  2e-03  5e-02
13:  1.1788e+01  1.6944e+01  3e+01  2e-04  6e-04  2e-01
14:  1.3583e+01  4.3077e+01  3e+01  1e-05  3e-05  3e-01
15:  2.4528e+00  4.0129e+01  7e+00  9e-06  7e-06  7e-02
16:  2.0211e+01  1.0964e+02  5e+01  1e-05  2e-05  4e-01
17:  3.7945e+02  8.8440e+02  1e+03  3e-05  6e-05  7e+00
18:  5.4012e+02  6.5024e+02  8e+02  1e-05  1e-05  1e+01
19:  2.6659e+04  2.7205e+04  4e+04  9e-06  6e-06  5e+02
20:  2.6420e+06  2.6903e+06  4e+06  2e-05  2e-04  5e+04
21:  2.5021e+08  2.5478e+08  3e+08  8e-03  5e-03  5e+06
Certificate of primal infeasibility found.
     pcost       dcost       gap    pres   dres   k/t
 0: -3.3169e-01 -3.3169e-01  3e+02  2e+01  6e+01  1e+00
 1:  7.1735e-01  8.6456e-01  5e+01  4e+00  1e+01  3e-01
 2:  5.2102e-01  5.4372e-01  6e+00  8e-01  2e+00  6e-02
 3:  1.3106e-01  1.3793e-01  1e+00  2e-01  5e-01  2e-02
 4:  3.3094e-02  3.5019e-02  3e-01  5e-02  1e-01  4e-03
 5:  1.0918e-02  1.1401e-02  9e-02  1e-02  4e-02  1e-03
 6:  4.3952e-03  4.5523e-03  3e-02  4e-03  1e-02  3e-04
 7:  2.1564e-03  2.2438e-03  1e-02  1e-03  3e-03  1e-04
 8:  1.1044e-02  1.1551e-02  9e-02  2e-03  5e-03  6e-04
 9:  6.4696e-02  6.7121e-02  3e-01  1e-03  3e-03  2e-03
10:  4.2450e-01  4.3855e-01  2e+00  1e-03  3e-03  1e-02
11:  5.2804e+00  5.4338e+00  2e+01  1e-03  3e-03  1e-01
12:  9.2826e+01  1.1183e+02  2e+02  4e-04  1e-03  2e+00
13:  8.6948e+02  1.1695e+03  2e+03  2e-05  7e-07  2e+01
14:  2.2715e+04  2.3398e+04  4e+04  2e-05  1e-06  5e+02
15:  2.2736e+06  2.3200e+06  4e+06  5e-05  4e-05  5e+04
16:  2.1855e+08  2.2299e+08  3e+08  1e-02  5e-03  4e+06
Certificate of primal infeasibility found.
     pcost       dcost       gap    pres   dres   k/t
 0: -2.6192e-01 -2.6192e-01  3e+02  2e+01  6e+01  1e+00
 1:  1.0616e+00  1.3495e+00  8e+01  7e+00  2e+01  6e-01
 2:  1.1618e+00  1.2373e+00  2e+01  2e+00  4e+00  1e-01
 3:  2.6141e-01  2.6563e-01  1e+00  3e-01  6e-01  2e-02
 4:  8.9033e-02  9.1613e-02  5e-01  9e-02  2e-01  6e-03
 5:  3.5321e-02  3.5764e-02  2e-01  4e-02  9e-02  2e-03
 6:  4.5979e-03  4.6745e-03  3e-02  5e-03  1e-02  3e-04
 7:  9.5474e-04  9.6849e-04  5e-03  1e-03  2e-03  5e-05
 8:  1.7139e-04  1.7401e-04  8e-04  2e-04  4e-04  9e-06
 9:  6.4039e-06  6.5006e-06  3e-05  6e-06  1e-05  3e-07
10:  3.7607e-07  3.8182e-07  2e-06  3e-07  8e-07  2e-08
11:  3.0255e-08  3.0724e-08  1e-07  3e-08  7e-08  2e-09
12:  2.4999e-09  2.5456e-09  1e-08  2e-09  5e-09  1e-10
Optimal solution found.
     pcost       dcost       gap    pres   dres   k/t
 0: -2.5951e-01 -2.5951e-01  3e+02  2e+01  6e+01  1e+00
 1:  1.0682e+00  1.3092e+00  7e+01  6e+00  2e+01  5e-01
 2:  9.0895e-01  9.4161e-01  1e+01  1e+00  4e+00  1e-01
 3:  1.8228e-01  2.0112e-01  1e+00  3e-01  7e-01  3e-02
 4:  2.4004e-02  2.8178e-02  2e-01  5e-02  1e-01  6e-03
 5:  1.1694e-02  1.2718e-02  8e-02  2e-02  4e-02  2e-03
 6:  1.9850e-03  2.1391e-03  1e-02  2e-03  6e-03  2e-04
 7:  4.2016e-04  4.4681e-04  2e-03  4e-04  1e-03  4e-05
 8:  4.0209e-05  4.1519e-05  2e-04  4e-05  9e-05  3e-06
 9:  1.0234e-06  1.0567e-06  6e-06  9e-07  2e-06  7e-08
10:  7.8662e-08  8.1267e-08  4e-07  7e-08  2e-07  6e-09
11:  8.2937e-09  8.5866e-09  4e-08  7e-09  2e-08  6e-10
Optimal solution found.
     pcost       dcost       gap    pres   dres   k/t
 0: -3.2122e-01 -3.2122e-01  3e+02  2e+01  6e+01  1e+00
 1:  7.5798e-01  9.1987e-01  5e+01  5e+00  1e+01  4e-01
 2:  5.3626e-01  5.5831e-01  6e+00  9e-01  2e+00  6e-02
 3:  2.0918e-01  2.1838e-01  2e+00  3e-01  7e-01  2e-02
 4:  8.6382e-02  9.0221e-02  6e-01  9e-02  2e-01  8e-03
 5:  1.9888e-02  2.0693e-02  1e-01  2e-02  5e-02  2e-03
 6:  7.3830e-03  7.5577e-03  4e-02  5e-03  1e-02  4e-04
 7:  9.4316e-04  9.6716e-04  5e-03  6e-04  2e-03  5e-05
 8:  1.3731e-04  1.4037e-04  8e-04  9e-05  2e-04  7e-06
 9:  2.8485e-05  2.9194e-05  1e-04  2e-05  4e-05  1e-06
10:  3.1252e-05  3.2062e-05  2e-04  2e-05  4e-05  1e-06
11:  3.1034e-05  3.2006e-05  1e-04  7e-06  2e-05  1e-06
12:  4.7409e-04  4.9227e-04  3e-03  1e-05  3e-05  2e-05
13:  3.4031e-03  3.5588e-03  2e-02  9e-06  2e-05  1e-04
14:  2.2771e-02  2.4747e-02  9e-02  7e-06  2e-05  6e-04
15:  4.0855e-01  4.2140e-01  1e+00  6e-06  2e-05  1e-02
16:  7.1605e+00  7.3278e+00  2e+01  6e-06  2e-05  2e-01
17:  2.3271e+02  2.3694e+02  5e+02  6e-06  2e-05  4e+00
18:  2.3304e+04  2.3725e+04  5e+04  6e-06  8e-05  4e+02
19:  2.3037e+06  2.3452e+06  5e+06  3e-05  7e-03  4e+04
20:  2.2846e+08  2.3258e+08  5e+08  4e-03  1e+00  4e+06
Certificate of primal infeasibility found.
     pcost       dcost       gap    pres   dres   k/t
 0: -2.4969e-01 -2.4969e-01  3e+02  2e+01  6e+01  1e+00
 1:  1.0579e+00  1.3139e+00  7e+01  6e+00  1e+01  5e-01
 2:  1.1357e+00  1.2156e+00  2e+01  2e+00  4e+00  1e-01
 3:  2.1415e-01  2.2255e-01  1e+00  2e-01  5e-01  2e-02
 4:  1.0117e-01  1.0512e-01  5e-01  9e-02  2e-01  8e-03
 5:  2.1314e-02  2.1911e-02  1e-01  2e-02  5e-02  1e-03
 6:  3.8023e-03  3.9127e-03  2e-02  4e-03  1e-02  3e-04
 7:  4.9190e-04  5.0430e-04  2e-03  4e-04  1e-03  3e-05
 8:  3.1472e-05  3.2014e-05  1e-04  3e-05  7e-05  2e-06
 9:  1.1750e-06  1.1947e-06  6e-06  1e-06  3e-06  6e-08
10:  3.9073e-08  3.9701e-08  2e-07  3e-08  9e-08  2e-09
11:  2.2719e-09  2.3169e-09  1e-08  2e-09  5e-09  1e-10
Optimal solution found.
     pcost       dcost       gap    pres   dres   k/t
 0: -2.5057e-01 -2.5057e-01  3e+02  2e+01  6e+01  1e+00
 1:  1.2423e+00  1.5444e+00  1e+02  7e+00  2e+01  6e-01
 2:  1.2541e+00  1.3196e+00  2e+01  2e+00  5e+00  1e-01
 3:  2.0044e-01  2.1901e-01  1e+00  2e-01  6e-01  3e-02
 4:  2.3998e-02  2.7521e-02  2e-01  5e-02  1e-01  5e-03
 5:  9.4009e-03  1.0098e-02  6e-02  1e-02  3e-02  1e-03
 6:  2.5094e-03  2.6667e-03  2e-02  3e-03  8e-03  3e-04
 7:  1.1840e-03  1.2302e-03  7e-03  1e-03  3e-03  1e-04
 8:  3.4303e-04  3.4942e-04  2e-03  4e-04  9e-04  2e-05
 9:  2.3903e-05  2.4342e-05  1e-04  2e-05  6e-05  1e-06
10:  2.8265e-06  2.8612e-06  2e-05  3e-06  7e-06  1e-07